[soe][Equalizer#0#left]
band13Gain=0.740000000000002
band14Gain=3.710000000000001
band15Gain=4.039999999999999
band16Gain=4.530000000000001
band17Gain=1.8900000000000006
band19Gain=2.0600000000000023
band20Gain=4.039999999999999
band21Gain=6.009999999999998
band22Gain=4.859999999999999
band23Gain=4.530000000000001
band24Gain=1.8900000000000006
band25Gain=-1.7299999999999969
band26Gain=-2.219999999999999
band27Gain=-3.210000000000001
band28Gain=-5.189999999999998

[soe][Equalizer#0#right]
band13Gain=0.740000000000002
band14Gain=3.710000000000001
band15Gain=4.039999999999999
band16Gain=4.530000000000001
band17Gain=1.8900000000000006
band19Gain=2.0600000000000023
band20Gain=4.039999999999999
band21Gain=6.009999999999998
band22Gain=4.859999999999999
band23Gain=4.530000000000001
band24Gain=1.8900000000000006
band25Gain=-1.7299999999999969
band26Gain=-2.219999999999999
band27Gain=-3.210000000000001
band28Gain=-5.189999999999998
