start=8.184000
speed=2.853117
