start=0.074000
speed=2.853117
