start=9.523000
speed=2.853117
