start=0.039000
speed=2.853117
