start=1996.127063
speed=2.853117
