start=1.567000
speed=2.853117
