start=0.972000
speed=2.853117
