start=23.571000
speed=2.853117
