start=1363.762000
speed=2.853117
