start=1.402000
speed=2.853117
