start=652.719000
speed=2.853117
