start=33.128000
speed=2.853117
