start=243.242667
video-zoom=-0.000000
