start=4.279000
speed=2.853117
