start=0.029000
speed=2.853117
