start=0.053000
speed=2.853117
