start=0.030000
speed=2.853117
