start=2.326000
speed=2.853117
