start=56.666000
speed=2.853117
