start=10.001000
speed=2.853117
