start=0.018000
speed=2.853117
