start=11.620000
speed=2.853117
