start=8.248000
speed=2.853117
