start=0.048000
speed=2.853117
