start=3.061000
speed=2.853117
