start=180.328000
speed=2.853117
