start=3.611000
speed=2.853117
