start=5186.000000
volume=104.000000
sub-pos=101.000000
