start=0.004000
speed=2.853117
