start=4.244000
speed=2.853117
