start=1.974456
volume=98.000000
audio-delay=0.400000
video-pan-x=-0.100000
