start=1.326000
speed=2.853117
