start=1013.165511
volume=98.000000
audio-delay=0.400000
video-pan-x=-0.000000
video-pan-y=0.000000
video-zoom=-0.000000
