start=0.009800
volume=98.000000
audio-delay=0.400000
