start=9.589000
speed=2.853117
