start=1661.096000
speed=2.853117
