start=2426.908000
speed=2.853117
