start=0.023000
speed=2.853117
