start=4.531000
speed=2.853117
