start=98.989800
speed=0.424098
volume=98.000000
audio-delay=0.400000
sub-pos=99.000000
video-pan-x=-0.100000
video-pan-y=0.100000
video-zoom=1.600000
