start=0.005000
speed=2.853117
