start=1.200000
speed=2.853117
