start=3.687000
speed=2.853117
