start=1.747000
speed=2.853117
