start=3.580000
speed=2.853117
