start=4017.944000
speed=2.853117
