start=6371.488000
speed=2.853117
