start=0.005700
volume=98.000000
audio-delay=0.400000
