start=3.538000
speed=2.853117
