start=72.257000
speed=2.853117
