start=284659.650520
speed=2.853117
