start=10.800000
speed=2.853117
