start=0.051000
speed=2.853117
