start=64.231000
mute=yes
audio-delay=0.100000
video-pan-x=0.100000
video-pan-y=-0.100000
video-zoom=0.900000
