start=53.028000
speed=2.853117
