start=6.117000
speed=2.853117
