start=3.269000
speed=2.853117
