start=2.343000
speed=2.853117
