start=0.045000
speed=2.853117
