start=2.689000
speed=2.853117
