start=2.069000
speed=2.853117
