start=3.078000
speed=2.853117
