start=2.589000
speed=2.853117
