start=4294888.012000
speed=2.853117
