start=0.679000
speed=2.853117
