start=1.009000
speed=2.853117
