start=3.645000
speed=2.853117
