start=0.000000
video-zoom=-0.000000
