start=1.913000
speed=2.853117
