start=1919.988000
speed=2.853117
