start=1.000000
speed=2.853117
