start=3.492000
speed=2.853117
