start=3.287000
speed=2.853117
