start=1.890000
speed=2.853117
