start=1094.582000
speed=2.853117
