start=268.278000
speed=2.853117
