start=1.732000
speed=2.853117
