start=3.969000
speed=2.853117
