start=0.058000
speed=2.853117
