start=4.614000
speed=2.853117
