start=7.163000
speed=2.853117
