start=4.365000
speed=2.853117
