start=27.204300
volume=98.000000
audio-delay=0.400000
