start=3.045000
speed=2.853117
