start=4.074000
speed=2.853117
