start=9.817000
speed=2.853117
