start=18.018000
speed=2.853117
