start=10.070000
speed=2.853117
