start=13.579000
speed=2.853117
