start=2.356000
speed=2.853117
