start=106.987300
volume=98.000000
audio-delay=0.400000
