start=59695.078902
speed=2.853117
