start=0.000000
volume=98.000000
audio-delay=0.400000
video-pan-x=-0.100000
video-zoom=-0.000000
