start=535.159000
speed=2.853117
