start=1763.255000
speed=2.853117
