start=0.007000
speed=2.853117
