start=8.164000
speed=2.853117
