start=0.037000
speed=2.853117
