start=1.577000
speed=2.853117
