start=1458.224000
speed=2.853117
