start=0.015000
speed=2.853117
