start=6.749000
speed=2.853117
