start=1.276000
speed=2.853117
