start=16.280000
speed=2.853117
