start=1.914000
speed=2.853117
